# taxa  Frequency(n)   propn
   0           6       0.0052
   1          27       0.0235
   2          20       0.0174
   3          18       0.0157
   4          22       0.0192
   5          22       0.0192
   6          28       0.0244
   7          22       0.0192
   8          31       0.0270
   9          25       0.0218
  10          37       0.0323
  11          29       0.0253
  12          41       0.0357
  13          43       0.0375
  14          57       0.0497
  15          56       0.0488
  16          63       0.0549
  17          87       0.0759
  18          94       0.0820
  19         150       0.1308
  20         269       0.2345

# Microbiome strings for all 1147 hosts 
#    1   10011101110100110110  12   
#    2   00100000100100100011   6   
#    3   00100000100101100011   7   
#    4   11110000111100100011  11   
#    5   11111011111100101111  16   
#    6   11111111111111111111  20   
#    7   11111101111111111111  19   
#    8   11110111110111001110  15   
#    9   11111111111111111111  20   
#   10   11111111111111111111  20   
#   11   11110110111111101110  16   
#   12   11111111110111101111  18   
#   13   11111111111111111111  20   
#   14   11111111111111111111  20   
#   15   11111111111111111111  20   
#   16   11111111111111101111  19   
#   17   11111111111111111111  20   
#   18   11111111111111101111  19   
#   19   11111111111111101110  18   
#   20   11111111111111101110  18   
#   21   11111111111111101111  19   
#   22   11111111111111101111  19   
#   23   11111111111111101111  19   
#   24   10010101000110010000   7   
#   25   11011011000111001101  12   
#   26   11111011111111101111  18   
#   27   11011011000111001101  12   
#   28   11010111011101101111  15   
#   29   10010001011110010110  10   
#   30   10011001111110010110  12   
#   31   11111101111111010111  17   
#   32   11110111111111111111  19   
#   33   11111111111111111111  20   
#   34   11111111111111111111  20   
#   35   11011001111111010110  14   
#   36   11111111111111111111  20   
#   37   11111111111111110111  19   
#   38   11111111111111110111  19   
#   39   11111111111111111111  20   
#   40   11111111111111111111  20   
#   41   11111111111111111111  20   
#   42   11111111111111111111  20   
#   43   11111111111111111111  20   
#   44   11111111111111111111  20   
#   45   11111111111111111111  20   
#   46   11111111111111111111  20   
#   47   11111111111111111111  20   
#   48   11111111111111111111  20   
#   49   11111111111111111111  20   
#   50   11111111111111111111  20   
#   51   11111111111111111111  20   
#   52   11111111111111111111  20   
#   53   11111111111111111111  20   
#   54   11111111111111111111  20   
#   55   11111111111111111111  20   
#   56   10010000001100000010   5   
#   57   11111111111111111111  20   
#   58   10010000001111100000   7   
#   59   11111111111111111111  20   
#   60   11111111111111111111  20   
#   61   10010000101101000010   7   
#   62   11100011001111001111  13   
#   63   00101010000000000001   4   
#   64   01101010011000001001   8   
#   65   11101111011101101111  16   
#   66   10111111100111100111  15   
#   67   11101010000000000111   8   
#   68   11101010100010000111  10   
#   69   00101110010011010001   9   
#   70   00101110110011010101  11   
#   71   10111111111111110111  18   
#   72   00101111111011010101  13   
#   73   11111111011111111101  18   
#   74   11011101011101100010  12   
#   75   00100000000100000010   3   
#   76   11111110111111100111  17   
#   77   11111111111111111111  20   
#   78   11110111111111011111  18   
#   79   10100010111011001101  11   
#   80   11101110111111111111  18   
#   81   11111111111111101111  19   
#   82   11111111111111111111  20   
#   83   00000100000101000000   3   
#   84   11111011111110110111  17   
#   85   11111111111110111111  19   
#   86   11001010111110010111  13   
#   87   11011111111111011111  18   
#   88   11111010111110010111  15   
#   89   11111011111111010111  17   
#   90   11111111111111110111  19   
#   91   11111111111110110111  18   
#   92   11001111111110010111  15   
#   93   00010000000000000001   2   
#   94   01010101000000000011   6   
#   95   11011111111110110111  17   
#   96   11110000111111001011  13   
#   97   00010000000000000011   3   
#   98   11110111111111101111  18   
#   99   11110110001111001111  14   
#  100   11111111111111111111  20   
#  101   10111011111011100111  15   
#  102   00010000010000001001   4   
#  103   11111111111111111111  20   
#  104   11111101111111101111  18   
#  105   11011101111111011111  17   
#  106   11010111111111011011  16   
#  107   00000000100000000000   1   
#  108   01100000101100100011   8   
#  109   11110111111111011110  17   
#  110   00000000000000000010   1   
#  111   11011111110111110110  16   
#  112   10100001110101000100   8   
#  113   00000100000101000000   3   
#  114   01110111011101101111  15   
#  115   01111111111111101111  18   
#  116   11111111111111101111  19   
#  117   11111111111101111101  18   
#  118   11111111111101111111  19   
#  119   11111111111111111111  20   
#  120   11111111111111111111  20   
#  121   11111111111111011111  19   
#  122   11111111111111111111  20   
#  123   11111111111111111111  20   
#  124   11111110111111111111  19   
#  125   11111110111111111111  19   
#  126   11010101001110011111  13   
#  127   11111111111111111111  20   
#  128   11111111111111111111  20   
#  129   11111111111111111111  20   
#  130   11111111111111111111  20   
#  131   11011111111110111111  18   
#  132   11010111111110111111  17   
#  133   00010001011000000100   5   
#  134   11111001111111001111  16   
#  135   10010101111110100110  12   
#  136   00000000101000000010   3   
#  137   00011111111001001011  12   
#  138   10111111111111100111  17   
#  139   00010000000000000010   2   
#  140   10010111011010010010  10   
#  141   11010101010111010110  12   
#  142   11110101110101101110  14   
#  143   11111111111111101111  19   
#  144   11111101111101111111  18   
#  145   11110111001111001111  15   
#  146   11110111011111011111  17   
#  147   11110111111111111111  19   
#  148   10000111111101001111  13   
#  149   00011111110101000101  11   
#  150   10111111111101001111  16   
#  151   11111111110111001111  17   
#  152   00000001000000000000   1   
#  153   11110011111111011111  17   
#  154   11010111010111010111  14   
#  155   11111111111111111111  20   
#  156   11111111111111111111  20   
#  157   11111111111111111111  20   
#  158   11010101000000101100   8   
#  159   11111111111111111111  20   
#  160   00000000001000000010   2   
#  161   00110011000011100001   8   
#  162   11010000000000001000   4   
#  163   00000000000000000010   1   
#  164   01110010001000001001   7   
#  165   11110111111111011111  18   
#  166   01100010011000001001   7   
#  167   11100000100011001110   9   
#  168   00000000000000000000   0   
#  169   00000001010000000100   3   
#  170   11010011011111101111  15   
#  171   01110111111111101110  16   
#  172   11100110001111001111  13   
#  173   11100110001111001111  13   
#  174   11101111011111011111  17   
#  175   00000100000000000000   1   
#  176   01000100011001000010   6   
#  177   11010011111011111110  15   
#  178   11110111111111111110  18   
#  179   11010100101101000010   9   
#  180   11111111111111111111  20   
#  181   11011101101101010110  13   
#  182   10000000000000000000   1   
#  183   10000100011110000011   8   
#  184   10111011111111110111  17   
#  185   11111111111111111111  20   
#  186   11101111101111111001  16   
#  187   11111101111111111111  19   
#  188   10000000000000000000   1   
#  189   00000010001000001011   5   
#  190   10000000000000000000   1   
#  191   10111011111111111111  18   
#  192   11111111111101111110  18   
#  193   10000000000001000001   3   
#  194   11010000000001001001   6   
#  195   11110101111111111111  18   
#  196   00000000100001100000   3   
#  197   11111111111111101111  19   
#  198   00000000100001100100   4   
#  199   11111111111111111111  20   
#  200   11111111111111111111  20   
#  201   11111111111111111111  20   
#  202   11111111111111111111  20   
#  203   00000000001000000001   2   
#  204   11010001111100001101  11   
#  205   11010001111110011111  14   
#  206   11010111111111111111  18   
#  207   11010101111110101111  15   
#  208   00001000001000000101   4   
#  209   10111100111111111101  16   
#  210   00001100001010000101   6   
#  211   01111101111101010111  15   
#  212   11111111111111111111  20   
#  213   11111111111111111110  19   
#  214   11111111111111111111  20   
#  215   11111111111101111110  18   
#  216   11010111111101001111  15   
#  217   10000000000000000100   2   
#  218   10111100111111001111  15   
#  219   00011111010011001001  10   
#  220   11111111111111111111  20   
#  221   10000110000111101101  10   
#  222   11100111110111101111  16   
#  223   11111111111111111111  20   
#  224   00000000011000000000   2   
#  225   11111111111111111111  20   
#  226   10000000011001100000   5   
#  227   11100100011001100001   9   
#  228   10111111111111111011  18   
#  229   10111111111111111111  19   
#  230   00001000100010000000   3   
#  231   11111101110111111110  17   
#  232   11111110101011000111  14   
#  233   10001000100010000110   6   
#  234   10001011110011100100  10   
#  235   10101011111110101101  14   
#  236   11101001111010101110  13   
#  237   10101111111010111101  15   
#  238   11111111111111111111  20   
#  239   11111111111111111111  20   
#  240   11111111111111111111  20   
#  241   11111111111111111111  20   
#  242   10111111111111111111  19   
#  243   10101111111010111101  15   
#  244   11111111111111111111  20   
#  245   11101111111111111111  19   
#  246   11111111111111111111  20   
#  247   10101101111111111110  16   
#  248   11111111111111111111  20   
#  249   10101111111111111110  17   
#  250   10111111111111111110  18   
#  251   10111111111111111111  19   
#  252   11111111111111111111  20   
#  253   11011111111110111111  18   
#  254   00101010100000000100   5   
#  255   00010001000000000010   3   
#  256   00001101000000000010   4   
#  257   00001111101001001010   9   
#  258   01010011001011100010   9   
#  259   00110010011001100111  10   
#  260   00110110011101100111  12   
#  261   11110111111111111111  19   
#  262   10110110011011100111  13   
#  263   11011111111001111110  16   
#  264   11111111111111111111  20   
#  265   11011111111111111111  19   
#  266   11111111111111111111  20   
#  267   11011111111111111111  19   
#  268   10010010001000100010   6   
#  269   11111111111111111111  20   
#  270   11010111111101100110  14   
#  271   11111111111111111111  20   
#  272   11011111111111111110  18   
#  273   11111111111111111111  20   
#  274   11011111111111111110  18   
#  275   11111110111110100111  16   
#  276   11111111111111111111  20   
#  277   11100100000010000101   7   
#  278   11111111111111111111  20   
#  279   11111111111111111111  20   
#  280   10111111101100101111  15   
#  281   11010011111011011110  14   
#  282   10000011111110011010  11   
#  283   10011101101100011011  12   
#  284   10111011101100001111  13   
#  285   10010000101101001110   9   
#  286   10000000110100001000   5   
#  287   11010101111111110010  14   
#  288   00000100011110000111   8   
#  289   01100100011110000111  10   
#  290   10011101010110111001  12   
#  291   10111111110111111101  17   
#  292   10111111110111111101  17   
#  293   11111111111111111111  20   
#  294   11111111111111111111  20   
#  295   11111111111111111111  20   
#  296   11111111111111111111  20   
#  297   11111111111111111111  20   
#  298   11111111111111111111  20   
#  299   00000000000010000010   2   
#  300   01000001000000011000   4   
#  301   00000000001000000000   1   
#  302   11110111111111011111  18   
#  303   11111111111111101111  19   
#  304   10001110101101001110  11   
#  305   11111110111110100111  16   
#  306   11111111111110100111  17   
#  307   11111111111111101111  19   
#  308   00000100001110000011   6   
#  309   11110111111111111111  19   
#  310   11010111111111111111  18   
#  311   11111111111111111111  20   
#  312   11101111001110001111  14   
#  313   11111111011110001111  16   
#  314   11111111001111101111  17   
#  315   11111111111111001111  18   
#  316   11111111111111111111  20   
#  317   11111111111111111111  20   
#  318   11111111111111111111  20   
#  319   11111111111111001111  18   
#  320   11010110111111011011  15   
#  321   11000100001110000011   8   
#  322   11001100111110000011  11   
#  323   00000000000000000000   0   
#  324   11110111111111101111  18   
#  325   10111111111111010111  17   
#  326   11010000011101010010   9   
#  327   00000000001000000000   1   
#  328   11100110001011111111  14   
#  329   11111111111111111111  20   
#  330   11110111111111110111  18   
#  331   11111111111111111111  20   
#  332   11110111111111110111  18   
#  333   11111111111111110111  19   
#  334   11111111111111111111  20   
#  335   11010111011101101111  15   
#  336   01000101111101000110  10   
#  337   11111111111111111111  20   
#  338   11111111111111111111  20   
#  339   10110011001011101011  12   
#  340   10110111111111111111  18   
#  341   11111111111111111111  20   
#  342   11111111111111111111  20   
#  343   11011111011111010111  16   
#  344   00001011110000000001   6   
#  345   01100100001000100001   6   
#  346   11011111111111110111  18   
#  347   11111111111111110111  19   
#  348   11111111111111110111  19   
#  349   11111111111111111111  20   
#  350   11111111111111111111  20   
#  351   11111111111111111111  20   
#  352   11111111111111111111  20   
#  353   11111111111111111111  20   
#  354   11101011111000011111  14   
#  355   11001100000000000110   6   
#  356   11101111111101000110  14   
#  357   11111111111101101111  18   
#  358   11101111000000001111  11   
#  359   11001000100000000110   6   
#  360   11111111111111111111  20   
#  361   11111111111111011111  19   
#  362   11111111111111011111  19   
#  363   11111111111111111111  20   
#  364   10000101001010010000   6   
#  365   11010000011100000000   6   
#  366   10000000000000000100   2   
#  367   01010001101100000010   7   
#  368   11110111111111101111  18   
#  369   11011111111111111111  19   
#  370   10110100011111101100  12   
#  371   10011111111111100110  15   
#  372   11111111111111111110  19   
#  373   11111111111111111111  20   
#  374   00001110001100000100   6   
#  375   11111111011111111111  19   
#  376   11111111111111101110  18   
#  377   11111111111111111111  20   
#  378   00111111001110010110  12   
#  379   10111111011111110111  17   
#  380   10111111111111011111  18   
#  381   00111111001110010110  12   
#  382   10101111110001101100  12   
#  383   00011111111101110110  14   
#  384   10011111110101110110  14   
#  385   11111110111100100110  14   
#  386   10010110111100100110  11   
#  387   10000000000000000100   2   
#  388   11110101111101111110  16   
#  389   11111111111111111111  20   
#  390   11110101111101111110  16   
#  391   10101010111000011111  12   
#  392   10110111111011011111  16   
#  393   11110111100111100101  14   
#  394   11000101000111010110  10   
#  395   01010101111111011111  15   
#  396   11111111111111111111  20   
#  397   11111111111111111111  20   
#  398   01110111111101111101  16   
#  399   11110101111111110100  15   
#  400   10000001000010000000   3   
#  401   10000001011110000010   7   
#  402   11011110111110111111  17   
#  403   10011111111101001110  14   
#  404   10111111111111011111  18   
#  405   10111111111111111111  19   
#  406   10011111111101111110  16   
#  407   10111111111101101111  17   
#  408   10011111111101001111  15   
#  409   10111111111101001111  16   
#  410   11011111111101001110  15   
#  411   01111111101111111011  17   
#  412   10010111110110111110  14   
#  413   10010111111111111111  17   
#  414   11110111111111111111  19   
#  415   10011111111111111111  18   
#  416   11011111111111111111  19   
#  417   10011111111111111111  18   
#  418   11111111111111111111  20   
#  419   11111111111111111111  20   
#  420   11111111111111111111  20   
#  421   00010101100100110010   8   
#  422   01011111111110110111  16   
#  423   11111111111110110111  18   
#  424   11001000000000000110   5   
#  425   11110111111111101111  18   
#  426   11100011101111110011  14   
#  427   11111111111111111111  20   
#  428   11100111101111110011  15   
#  429   11111110111111100111  17   
#  430   11111110111111100111  17   
#  431   11111110111111101111  18   
#  432   11111111111111101111  19   
#  433   11011011101100101001  12   
#  434   11011111111101101011  16   
#  435   11011011101110101011  14   
#  436   11111111111111111111  20   
#  437   11111111111111111111  20   
#  438   11011011101111101011  15   
#  439   11111011111111101111  18   
#  440   11111011101111101111  17   
#  441   11111111111111101111  19   
#  442   11011111111111111111  19   
#  443   11111111101111101101  17   
#  444   10000111011010010010   9   
#  445   00000000010000000000   1   
#  446   00000101000001000000   3   
#  447   00010111111111101111  15   
#  448   11110111111111111111  19   
#  449   11010101011101010010  11   
#  450   11111111111101011111  18   
#  451   11010111111111111111  18   
#  452   11111111111111111111  20   
#  453   11010111111111011011  16   
#  454   11111111111111011111  19   
#  455   11111111111111101111  19   
#  456   11111111111111101111  19   
#  457   11111111111111111111  20   
#  458   11111111111111111111  20   
#  459   00010110111111101111  14   
#  460   11011111111111110110  17   
#  461   11110111001111101110  15   
#  462   10110110001111100101  12   
#  463   11111111111111101111  19   
#  464   10111110101111100111  15   
#  465   11111111111111101111  19   
#  466   11111110111111100111  17   
#  467   00000000000010010000   2   
#  468   11111111111111111111  20   
#  469   11011111111111111111  19   
#  470   11111111110110111111  18   
#  471   11111111110111111111  19   
#  472   11111111111111111111  20   
#  473   10010011111111010110  13   
#  474   10111011111111110111  17   
#  475   11010001011101010010  10   
#  476   11111111111111111111  20   
#  477   11111111111111111111  20   
#  478   11111111111111011111  19   
#  479   11111111111111111111  20   
#  480   10010100011011110011  11   
#  481   11001010110110011110  12   
#  482   11110101111111110111  17   
#  483   01011111111111110111  17   
#  484   11110111111111111111  19   
#  485   11011111111111101110  17   
#  486   11111111111111101111  19   
#  487   11111111111111111111  20   
#  488   11111111111111111111  20   
#  489   11111111111111111111  20   
#  490   11111111111111111111  20   
#  491   11111111111111111111  20   
#  492   11111111111111111111  20   
#  493   11111111111111111111  20   
#  494   11111111101111101111  18   
#  495   11111111111111111111  20   
#  496   11111111111111111111  20   
#  497   10111011111111111111  18   
#  498   00001001010010010110   7   
#  499   00010111111111111111  16   
#  500   11111111111111111111  20   
#  501   10100111001111011111  14   
#  502   11111111111111011111  19   
#  503   11111111111111111111  20   
#  504   11111111111111111111  20   
#  505   01110001001011010010   9   
#  506   11110101111111111111  18   
#  507   11111001111011010010  13   
#  508   11111111111111111111  20   
#  509   11101011111001011111  15   
#  510   11111111111111010111  18   
#  511   11111111111111010111  18   
#  512   11001001000101000010   7   
#  513   11111111111111111111  20   
#  514   11101101111111100111  16   
#  515   11001101110111000010  11   
#  516   11111111111111011111  19   
#  517   00000000010000000010   2   
#  518   01111111111111111111  19   
#  519   11111111111111111111  20   
#  520   11101111111011100111  16   
#  521   11111111111111111111  20   
#  522   00000000110000001010   4   
#  523   11111110111111011111  18   
#  524   11111111111110010110  16   
#  525   11111111111111111111  20   
#  526   11111111111111111111  20   
#  527   11111111111111111111  20   
#  528   11111111111110011111  18   
#  529   11111111111111111111  20   
#  530   11111111111111011111  19   
#  531   11111111111111011111  19   
#  532   00000000010000000000   1   
#  533   11111111111111011111  19   
#  534   00100011110010000000   6   
#  535   11111111111111111111  20   
#  536   11111111111111111111  20   
#  537   11111111111111111111  20   
#  538   11111111111111111111  20   
#  539   11100100011000100001   8   
#  540   11111101111111110111  18   
#  541   11000000010000100000   4   
#  542   11010100011011100001  10   
#  543   11000010010000100010   6   
#  544   11100110011001110011  12   
#  545   11111111111111111111  20   
#  546   11110101111111101111  17   
#  547   11111111111111101111  19   
#  548   11100101111110110111  15   
#  549   11100101111110100111  14   
#  550   11100101111110100111  14   
#  551   11101101111110100111  15   
#  552   11111111111111111111  20   
#  553   11111111111111111111  20   
#  554   11111101111110100111  16   
#  555   11101101111111101111  17   
#  556   11111111111111111111  20   
#  557   11111111111111111111  20   
#  558   11111111111111111111  20   
#  559   11111101111111110111  18   
#  560   11110111111111101111  18   
#  561   01001100011101100110  10   
#  562   11011100111101100110  13   
#  563   11011100111101100110  13   
#  564   11111111111111111111  20   
#  565   11111111111111110111  19   
#  566   10110111111010110111  15   
#  567   11110111111111111111  19   
#  568   11000101010111010110  11   
#  569   11110111111111111110  18   
#  570   11111111111111111111  20   
#  571   11111111101111111111  19   
#  572   11111111111111111111  20   
#  573   11110101001111111101  15   
#  574   00010101100110100010   8   
#  575   10110110101010001111  12   
#  576   11111111111111111111  20   
#  577   11111111111111111111  20   
#  578   10110111101111111111  17   
#  579   10110111101111111111  17   
#  580   11110110111111011111  17   
#  581   11111111111111111111  20   
#  582   11111111111111111111  20   
#  583   11111110111110100111  16   
#  584   10101110101110000111  12   
#  585   11111110101111000111  15   
#  586   11111110111111011111  18   
#  587   11111111111111101111  19   
#  588   11111111111111111111  20   
#  589   01110000101100100011   9   
#  590   00010000000000000000   1   
#  591   00011111111101110101  14   
#  592   11011101111100110110  14   
#  593   11011111111100111111  17   
#  594   11111111111110111111  19   
#  595   11011111111101111111  18   
#  596   00010000000000000000   1   
#  597   11010000100101000010   7   
#  598   11011111111111111111  19   
#  599   11111111001111101111  17   
#  600   10010000001001000100   5   
#  601   11111111111111111111  20   
#  602   11010101011101000110  11   
#  603   11111111111111111111  20   
#  604   00010001000000000010   3   
#  605   10000101001001100001   7   
#  606   10010101011001100101  10   
#  607   10011111111101110101  15   
#  608   10010100001011100001   8   
#  609   10010100001011100001   8   
#  610   10000000000001000100   3   
#  611   11111101111111111111  19   
#  612   11110111111111111111  19   
#  613   11111111111111111111  20   
#  614   11110111111111111111  19   
#  615   00010100000101100000   5   
#  616   01010101010101100010   9   
#  617   00000100000000000000   1   
#  618   00100110000100000001   5   
#  619   10110110001111000111  12   
#  620   10110111111111110111  17   
#  621   10100110000111011001  10   
#  622   11111111111111111111  20   
#  623   11111110111111011111  18   
#  624   11111111111111111111  20   
#  625   11111111111111111111  20   
#  626   10100000001111101101  10   
#  627   00011101111100010011  11   
#  628   11111111111110010111  17   
#  629   11111111111110010111  17   
#  630   11111111111111111111  20   
#  631   00000000101110010010   6   
#  632   11110111111111111111  19   
#  633   00000000000000000000   0   
#  634   11101111110011000111  14   
#  635   00000000000000000010   1   
#  636   11111111111111010111  18   
#  637   00000000100000000010   2   
#  638   00000000001000000000   1   
#  639   11111111111111111111  20   
#  640   11010000011101010010   9   
#  641   00000000000000000000   0   
#  642   11110111111111111111  19   
#  643   00001011101101001001   9   
#  644   11111111111111011111  19   
#  645   11111111111111011111  19   
#  646   11111111111111111111  20   
#  647   11111111111111111111  20   
#  648   11111111111111111111  20   
#  649   11111111111111111101  19   
#  650   11111111111111111111  20   
#  651   11111111111111111111  20   
#  652   11111111111111111111  20   
#  653   11111111111111111111  20   
#  654   11111111111111111111  20   
#  655   10111110101111101111  16   
#  656   11111111111111111111  20   
#  657   11010011011110010110  12   
#  658   11010011111110011110  14   
#  659   11010011011110010110  12   
#  660   10100001110101000100   8   
#  661   11111001110111001111  15   
#  662   11111111111111111111  20   
#  663   11111111111111111111  20   
#  664   11111001111111001111  16   
#  665   11111111111111111111  20   
#  666   11111111111111111111  20   
#  667   11111111111111111111  20   
#  668   00000001100000000000   2   
#  669   10100111101111001111  14   
#  670   11010001100000001000   6   
#  671   11011111111110110111  17   
#  672   11100001110000000100   7   
#  673   10011111111010010011  13   
#  674   10111111111011111011  17   
#  675   10111111111111111111  19   
#  676   10110100111111111101  15   
#  677   11101010001001010011  10   
#  678   11111011101001010011  13   
#  679   00001000001010000110   5   
#  680   11111111111111111111  20   
#  681   11001010011010000110   9   
#  682   11111111111011111111  19   
#  683   11111011111110000111  15   
#  684   11101011111010000110  12   
#  685   11011010011010000110  10   
#  686   11111111111111111111  20   
#  687   11111010111111100111  16   
#  688   11111011111111011111  18   
#  689   11111011111111111111  19   
#  690   11111011111111111111  19   
#  691   11111111111111111111  20   
#  692   11111111111111111111  20   
#  693   11111011111111011111  18   
#  694   11111111111111111111  20   
#  695   11101010111110100111  14   
#  696   01111101101110000111  13   
#  697   01111101111110010111  15   
#  698   11111111111110010111  17   
#  699   01001100101111111111  14   
#  700   00000000000000000000   0   
#  701   00000000100001100000   3   
#  702   10111011111111110111  17   
#  703   00011101111101110011  13   
#  704   11111111111111110111  19   
#  705   00011101111101110011  13   
#  706   11111111111111111111  20   
#  707   11110101111101110100  14   
#  708   11111000100011100001  10   
#  709   11111111111111111111  20   
#  710   10110110111111101111  16   
#  711   10111111111111101111  18   
#  712   11111111111111111111  20   
#  713   10111111111111111111  19   
#  714   00000101000011000000   4   
#  715   11111111111111011110  18   
#  716   11111111111111111111  20   
#  717   00110101101111100011  12   
#  718   00111101111111100011  14   
#  719   00000100000001000001   3   
#  720   01000101010101000101   8   
#  721   11010111111111011111  17   
#  722   11111111111111011111  19   
#  723   11111111111111111111  20   
#  724   01000101010101000101   8   
#  725   11010101011111010111  14   
#  726   11110101110111000101  13   
#  727   11011111010111010111  15   
#  728   11100101110101000100  10   
#  729   11111111111111110111  19   
#  730   11101111111111111111  19   
#  731   11100111111101000110  13   
#  732   11110101111111000110  14   
#  733   11101101111111100111  16   
#  734   10100001100110001010   8   
#  735   01110011100110100001  10   
#  736   00010001000001000010   4   
#  737   00110001000011000010   6   
#  738   11110001011111000010  11   
#  739   11110111111111111111  19   
#  740   11111111111111111111  20   
#  741   10001000101111001110  10   
#  742   11111111111111111111  20   
#  743   10011101101111101110  14   
#  744   10001000101111001110  10   
#  745   10001001111111001110  12   
#  746   11111111111111111111  20   
#  747   11111111111111111111  20   
#  748   11111111111111111111  20   
#  749   10111111111111011111  18   
#  750   00000000000011000000   2   
#  751   11111111111111111111  20   
#  752   11110111111111111111  19   
#  753   11110111111111111111  19   
#  754   01010011001011100010   9   
#  755   10010101101111101110  13   
#  756   11111110111111101111  18   
#  757   00110000001011000010   6   
#  758   00000000001011100000   4   
#  759   10000001111101000110   9   
#  760   11011111111111111111  19   
#  761   00000010101000001000   4   
#  762   01111111111111111111  19   
#  763   10011110101111101110  14   
#  764   10010111101111011010  13   
#  765   00110001001010010010   7   
#  766   11110101001111010110  13   
#  767   00000000000001000000   1   
#  768   11110010110111001110  13   
#  769   11111111110111101111  18   
#  770   11111111111111111111  20   
#  771   11111111111111111111  20   
#  772   11110010111111101110  15   
#  773   01000100100111010010   8   
#  774   11011111110101110110  15   
#  775   11111111111111111111  20   
#  776   11011111110101110110  15   
#  777   11111111111111111111  20   
#  778   11010011011110010110  12   
#  779   01100000000000000001   3   
#  780   01000100000000000000   2   
#  781   01011101111100010011  12   
#  782   11011101000000010100   8   
#  783   00000001000000000001   2   
#  784   11011111111110110111  17   
#  785   00010101100110100011   9   
#  786   11110001100010000101   9   
#  787   00011110110000010100   8   
#  788   11111111111111111111  20   
#  789   11111111110111011111  18   
#  790   11111111111111111111  20   
#  791   11111111111111111111  20   
#  792   00011001100000000010   5   
#  793   10000000000010000110   4   
#  794   10010110111111101111  15   
#  795   10000000000011000110   5   
#  796   11101011111011011111  16   
#  797   11111011111111111111  19   
#  798   11111111111111111111  20   
#  799   00001000101110000011   7   
#  800   00000100101000010000   4   
#  801   00000100001000110100   5   
#  802   11100111011111110111  16   
#  803   10100001110101000100   8   
#  804   11111111111111111111  20   
#  805   11011110111111111110  17   
#  806   11011110111111111110  17   
#  807   11111111111111111111  20   
#  808   11010011001111101111  14   
#  809   00010110000000000111   6   
#  810   00000000001000000000   1   
#  811   11111111111011111111  19   
#  812   11100000011000000100   6   
#  813   11111111111111110111  19   
#  814   11010000011101010010   9   
#  815   11111110111111111111  19   
#  816   11011111111101010111  16   
#  817   00000100011110000111   8   
#  818   11111111111110110111  18   
#  819   11111111111111111111  20   
#  820   11110111111110110111  17   
#  821   11111111111110111111  19   
#  822   11011111111111111110  18   
#  823   11110101111111111111  18   
#  824   11110101111111110111  17   
#  825   11110101111111111111  18   
#  826   11000001001111010010   9   
#  827   01101001111111110111  15   
#  828   11111001111111110111  17   
#  829   10110011001011111011  13   
#  830   11110111111111111111  19   
#  831   00110001001010010010   7   
#  832   11111111111011111111  19   
#  833   10111111111111010111  17   
#  834   00000000000000000000   0   
#  835   11111101110111111110  17   
#  836   11010000000000001000   4   
#  837   00000000010000000000   1   
#  838   11110111111111111111  19   
#  839   10000000010000000000   2   
#  840   11111111111111111111  20   
#  841   11010111111110111111  17   
#  842   11010101111110110110  14   
#  843   11011101111111110111  17   
#  844   00011111011001001001  10   
#  845   00010011111010110111  12   
#  846   10110010011000000011   8   
#  847   11110011101111111001  15   
#  848   11110111101111111011  17   
#  849   10111011111111111111  18   
#  850   10101010111111011111  15   
#  851   00010000000000000000   1   
#  852   11101101111111100111  16   
#  853   11111101111111100111  17   
#  854   11111111111111100111  18   
#  855   11111111111111110111  19   
#  856   10000101110011000000   7   
#  857   10100010001011001111  10   
#  858   11111111111111111111  20   
#  859   10111111111111111111  19   
#  860   11101111110010011111  15   
#  861   11101111110111011111  17   
#  862   11111111110011011111  17   
#  863   11101111111011011111  17   
#  864   00000100010000000000   2   
#  865   00001001011100000000   5   
#  866   11010111011101101111  15   
#  867   10010001011110010110  10   
#  868   11010101011101100010  11   
#  869   01001100111111100110  12   
#  870   11001110111111100100  13   
#  871   00000100011110000011   7   
#  872   11011101111100110110  14   
#  873   10010001001011010010   8   
#  874   00010100111101011101  11   
#  875   11111111111110010101  16   
#  876   11110101110101101100  13   
#  877   11110111001011111011  15   
#  878   11111111111111011111  19   
#  879   11111111111111111111  20   
#  880   11110100010100000000   7   
#  881   00100101000100000010   5   
#  882   11111111110101110110  16   
#  883   00110101100100110010   9   
#  884   10110101100100110010  10   
#  885   10110101101111110011  14   
#  886   10111101110100110110  13   
#  887   10110101011111100011  13   
#  888   10100101000000000100   5   
#  889   11110111111111011111  18   
#  890   11101111101111111101  17   
#  891   11111111101111111111  19   
#  892   10100101000000001101   7   
#  893   11111111111111101111  19   
#  894   00000000010000000000   1   
#  895   10011101010110111001  12   
#  896   10000001010011001100   7   
#  897   00000000001011000000   3   
#  898   11110000101111100111  13   
#  899   10011001000011000111   9   
#  900   10111110000111101101  13   
#  901   11111111111111101111  19   
#  902   11111111111111101111  19   
#  903   11111111111111101111  19   
#  904   11111111101111111111  19   
#  905   11011000000011000101   8   
#  906   11110111111111101010  16   
#  907   11111111111111111111  20   
#  908   11011111111101010111  16   
#  909   11010010110111011110  13   
#  910   11010111111111011111  17   
#  911   11111011111111111111  19   
#  912   11111111111111111111  20   
#  913   11111111111111011111  19   
#  914   11010111111111011110  16   
#  915   11010111111111011110  16   
#  916   11010010110111011110  13   
#  917   11111111111111111110  19   
#  918   11110010111111111110  16   
#  919   11010111111111111110  17   
#  920   10010011111111010110  13   
#  921   10010100001111100000   8   
#  922   11011111111110100111  16   
#  923   11111111111111111111  20   
#  924   11111111111111111111  20   
#  925   11111111111111111111  20   
#  926   11111111111111111111  20   
#  927   11111111111111111111  20   
#  928   11111111111111111111  20   
#  929   00000011001000000001   4   
#  930   01010011001011100011  10   
#  931   11111111111110111111  19   
#  932   11111111111111111111  20   
#  933   11011111111111011111  18   
#  934   11011111111111111111  19   
#  935   10010011001011010011  10   
#  936   11111111111111111111  20   
#  937   10111111111111010111  17   
#  938   10111111111111011111  18   
#  939   10111111111111010111  17   
#  940   11100011111111101111  16   
#  941   11100111111111001111  16   
#  942   11110111111111101111  18   
#  943   10100110001011111111  13   
#  944   10111111111111111111  19   
#  945   11100110001011111111  14   
#  946   11111111111111111111  20   
#  947   11111111111111111111  20   
#  948   11111111111111111111  20   
#  949   11110111111111001111  17   
#  950   11111111111111111111  20   
#  951   11111111111111011111  19   
#  952   11111111111111111111  20   
#  953   10100110001111001111  12   
#  954   10111001101111000111  13   
#  955   11111101111111111111  19   
#  956   11111111111111111111  20   
#  957   11111111111111111111  20   
#  958   11111101111111111111  19   
#  959   11111101111111110111  18   
#  960   11111111111111111111  20   
#  961   11111101101111010111  16   
#  962   11111101101111010111  16   
#  963   11111101111111010111  17   
#  964   11111111111111011111  19   
#  965   11111111111111111111  20   
#  966   11111111111111111111  20   
#  967   11111111111111010111  18   
#  968   10111001101111001111  14   
#  969   10111001101111001111  14   
#  970   11111111101111110111  18   
#  971   11111111111111111111  20   
#  972   11111111111111110111  19   
#  973   11111111111111111111  20   
#  974   00000000000000000010   1   
#  975   10001000101111001110  10   
#  976   11010101011101100010  11   
#  977   11111111111101111110  18   
#  978   11111111111111111111  20   
#  979   00010110111111101111  14   
#  980   11111111111111111111  20   
#  981   10100010111011001111  12   
#  982   11110110110111001110  14   
#  983   10011011101101001010  11   
#  984   10011111111111101110  16   
#  985   10100101000001001101   8   
#  986   11111111111111111111  20   
#  987   11010001111101001111  13   
#  988   11111111111111111111  20   
#  989   11011001111101001111  14   
#  990   11111111111111111111  20   
#  991   10100110001111001111  12   
#  992   10111010100110000100   9   
#  993   10111010101111101101  14   
#  994   10111110111111011101  16   
#  995   10111011111111100100  14   
#  996   11111111111111111111  20   
#  997   11111111111111111111  20   
#  998   11111111111111111111  20   
#  999   11111111111111111111  20   
# 1000   11111111111111111111  20   
# 1001   11111111111111111111  20   
# 1002   11111111111111111111  20   
# 1003   11111111111111111111  20   
# 1004   11111111100110001111  15   
# 1005   11111111111111010110  17   
# 1006   11111111111111101111  19   
# 1007   10111111001111101111  16   
# 1008   00000000000100000010   2   
# 1009   10000000000000000000   1   
# 1010   00111011111100000101  11   
# 1011   11111111111110111111  19   
# 1012   11111011111110100111  16   
# 1013   10111011101100000101  11   
# 1014   11111011101111011111  17   
# 1015   11111111111111011111  19   
# 1016   11110010011111001111  14   
# 1017   11111010011111001111  15   
# 1018   11111111011111001111  17   
# 1019   11111111111111111111  20   
# 1020   11111111111111111111  20   
# 1021   11111111111111111111  20   
# 1022   11100100000011000000   6   
# 1023   11111111111111111111  20   
# 1024   11100110001111001111  13   
# 1025   11110111001111101110  15   
# 1026   01100111000101001110  10   
# 1027   11100111001111101110  14   
# 1028   11111111111111111111  20   
# 1029   11110111111111111111  19   
# 1030   00000000001000000000   1   
# 1031   11111111111110010111  17   
# 1032   11101111111111111111  19   
# 1033   11111111111111111111  20   
# 1034   11111111111111111111  20   
# 1035   01100011111101101111  14   
# 1036   11111111111111111111  20   
# 1037   11111111111111111111  20   
# 1038   11111111111110111111  19   
# 1039   11111111111110111111  19   
# 1040   11111111111111111111  20   
# 1041   01110011100110100001  10   
# 1042   11110111111110110011  16   
# 1043   11111111111111111111  20   
# 1044   11111111111111111011  19   
# 1045   11110111111111111111  19   
# 1046   11110111111111111111  19   
# 1047   11110111111111111111  19   
# 1048   11111111111111111111  20   
# 1049   11110111111111111111  19   
# 1050   11110111111111111111  19   
# 1051   11111111111111111111  20   
# 1052   11110111111111111111  19   
# 1053   11110111111111111111  19   
# 1054   11110111111111111111  19   
# 1055   00000101110001000000   5   
# 1056   00100110001001110011   9   
# 1057   00000110010001000000   4   
# 1058   11101110111111100111  16   
# 1059   11111111111111111111  20   
# 1060   10010111010001000100   8   
# 1061   11110111011011111111  17   
# 1062   10000100001001000000   4   
# 1063   11010101011101100010  11   
# 1064   10100111111011000000  10   
# 1065   10000100001011100000   6   
# 1066   10111111111011111011  17   
# 1067   10010001010000000100   5   
# 1068   10010011110101010111  12   
# 1069   00010001010000000100   4   
# 1070   11011111111111010110  16   
# 1071   00000110010011010000   6   
# 1072   11110111111111111111  19   
# 1073   01101001101100100011  10   
# 1074   10111111111111011111  18   
# 1075   11111111111111011111  19   
# 1076   11111111101111111110  18   
# 1077   11111111111111111111  20   
# 1078   11111111111111101111  19   
# 1079   11111111111111101111  19   
# 1080   11111111111111101111  19   
# 1081   11111111111111101111  19   
# 1082   11010011011000001111  11   
# 1083   11111111111111111111  20   
# 1084   11110111111101101111  17   
# 1085   11010011011000001111  11   
# 1086   11111001110010000100  10   
# 1087   00011000000010000010   4   
# 1088   10011000000010000010   5   
# 1089   00000000100000000000   1   
# 1090   00001001000000000000   2   
# 1091   00110110101010001101  10   
# 1092   10111001111010111110  14   
# 1093   01111011111111111011  17   
# 1094   10010000110000000010   5   
# 1095   11110111111101101111  17   
# 1096   10010000110001000010   6   
# 1097   00011101111100010011  11   
# 1098   10110010101111101100  12   
# 1099   00010110101001000011   8   
# 1100   01010000100010000000   4   
# 1101   01010100110010000000   6   
# 1102   01111110111111101110  16   
# 1103   11110010100010001110  10   
# 1104   11100111111101100111  15   
# 1105   11111111111111111111  20   
# 1106   11111111111111111111  20   
# 1107   11111111111111111111  20   
# 1108   11110111111101100111  16   
# 1109   01100100111101100011  11   
# 1110   11110111111111111111  19   
# 1111   11111111111111111111  20   
# 1112   11111111111111111111  20   
# 1113   11111111111111111111  20   
# 1114   10110111111111111111  18   
# 1115   11111111101111111111  19   
# 1116   00100011100010000000   5   
# 1117   10111111100111000111  14   
# 1118   11111111111111101111  19   
# 1119   11111111111111111111  20   
# 1120   11111111111111111111  20   
# 1121   11111111110111101111  18   
# 1122   11111111100111100111  16   
# 1123   11111111101111101111  18   
# 1124   11111111111111111111  20   
# 1125   11111111111111101111  19   
# 1126   11111111100111110111  17   
# 1127   11111111111111110111  19   
# 1128   11111111111111110111  19   
# 1129   11111111111111111111  20   
# 1130   11110110111110100011  14   
# 1131   11010101111101000110  12   
# 1132   11111111111111101111  19   
# 1133   11111111111111111111  20   
# 1134   10110110001111001111  13   
# 1135   00000000100000000000   1   
# 1136   10010101110100110110  11   
# 1137   11011111111110110111  17   
# 1138   11111011111111101111  18   
# 1139   11111111111111111111  20   
# 1140   00111111101110010100  12   
# 1141   01111111111111111111  19   
# 1142   11111011111111010111  17   
# 1143   01111101111111111110  17   
# 1144   01000100100111010010   8   
# 1145   11010011110111010110  13   
# 1146   11110111101111110111  17   
# 1147   10111111100111100111  15   
